// 1> 97.4536, -7.72834, -104.867, 79.3237, 99.4838, 90.0181
// 2> 97.4536, -7.72834, -104.867, 79.3237, 99.4838, 90.0181
// 3> 97.4536, 24.3176, -132.135, 20.0085, 82.9898, 90.6154
// 4> 108.303, 24.4107, -129.484, 31.2774, 51.9158, 81.6597
// 5> 121.755, 28.9651, -120.239, 35.2758, 65.3202, 82.9827
// 6> 121.755, 26.716, -119.941, 37.8223, 65.3202, 82.9827
// 7> 91.509, 21.6518, -138.621, 18.5462, 54.5244, 92.7271
// 8> 101.595, 47.2442, -85.9291, 41.3898, 45.8106, 97.6892
// 9> 101.595, 48.9693, -86.0012, 39.5915, 45.8106, 97.689
// 10> 90.6513, 46.0903, -92.2995, 34.7951, 34.928, 99.4897
// 11> 91.3911, 35.5814, -115.773, 21.875, 63.1057, 99.3907
// 12> 90.6517, 46.0903, -92.2995, 34.7956, 34.9282, 99.4895
// 13> 101.597, 48.9692, -86.0012, 39.5913, 45.8108, 90.3081
// 14> 101.594, 47.244, -85.9291, 41.3898, 45.8106, 90.3079
// 15> 90.6517, 43.8404, -92.1951, 37.1483, 34.928, 90.3917
// 16> 71.3027, -6.54668, -145.932, 41.8179, 97.7962, 89.6841
// 17> 69.7582, 22.1107, -115.5, 38.3608, 96.3152, 85.2615
// 18> 69.7582, 27.3447, -116.912, 31.7156, 96.3154, 85.2613
// 19> 63.5903, 13.5281, -139.954, 22.5145, 90.1625, 91.3066
// 20> 57.6131, -18.1886, -120.449, 74.0045, 84.2371, 92.2712
// 21> 99.6545, -32.7846, -120.566, 88.6552, 101.68, 89.8796