// 1> 97.4536, -7.72817, -104.867, 79.3235, 99.4838, 90.0183
// 2> 97.4536, -7.72817, -104.867, 79.3235, 99.4838, 90.0183
// 3> 97.4538, 24.3176, -132.135, 20.0087, 82.9898, 90.6151
// 4> 108.303, 24.4107, -129.484, 31.2774, 51.9156, 81.6599
// 5> 121.755, 28.9651, -120.239, 35.2758, 65.3198, 82.9829
// 6> 121.756, 26.716, -119.941, 37.8221, 65.32, 82.9827
// 7> 91.5095, 21.6522, -138.621, 18.5462, 54.5241, 92.7271
// 8> 101.595, 47.2442, -85.9291, 41.3898, 45.8106, 97.6892
// 9> 101.596, 48.9693, -86.0012, 39.5913, 45.8104, 97.6892
// 10> 90.6517, 46.0903, -92.2995, 34.7954, 34.928, 99.4895
// 11> 91.3915, 35.5814, -115.773, 21.8748, 63.1055, 99.3907
// 12> 90.6517, 46.0903, -92.2995, 34.7956, 34.9282, 99.4895
// 13> 101.596, 48.9692, -86.0012, 39.5913, 45.8106, 90.3083
// 14> 101.595, 47.244, -85.9291, 41.3898, 45.8106, 90.3079
// 15> 90.6517, 43.8404, -92.1951, 37.1485, 34.9278, 90.3917
// 16> 90.668, -53.6816, -126.763, 103.425, 92.7107, 90.4361
// 17> 28.3515, 11.9077, -138.042, 26.5589, 88.7544, 90.678
// 18> 35.2099, 33.0388, -95.6983, 49.0025, 93.2731, 88.4828
// 19> 35.2101, 37.0611, -97.0765, 43.603, 93.2729, 88.483
// 20> 25.1282, 15.8217, -135.838, 24.824, 83.3067, 91.0115
// 21> 10.3941, -8.54881, -104.641, 75.1943, 33.5211, 99.7972
// 22> 99.6545, -32.7846, -120.566, 88.6552, 101.68, 89.8792