// 1> 97.4533, -7.72834, -104.867, 79.3237, 99.4836, 90.0183
// 2> 97.4533, -7.72834, -104.867, 79.3237, 99.4836, 90.0183
// 3> 97.4535, 24.3176, -132.135, 20.0085, 82.9896, 90.6154
// 4> 108.304, 24.4107, -129.484, 31.2772, 51.9158, 81.6597
// 5> 121.755, 28.9651, -120.239, 35.276, 65.3206, 82.9829
// 6> 121.755, 26.716, -119.941, 37.8223, 65.3202, 82.9829
// 7> 91.509, 21.6522, -138.621, 18.5462, 54.5244, 92.7271
// 8> 101.595, 47.2442, -85.9291, 41.3898, 45.8104, 97.6892
// 9> 101.595, 48.9693, -86.0012, 39.5915, 45.8106, 97.6892
// 10> 90.6517, 46.0903, -92.2995, 34.7954, 34.9282, 99.4895
// 11> 91.3911, 35.5814, -115.773, 21.8748, 63.1055, 99.3905
// 12> 90.6517, 46.0903, -92.2995, 34.7956, 34.9282, 99.4895
// 13> 101.596, 48.9692, -86.0012, 39.5915, 45.8108, 90.3081
// 14> 101.594, 47.244, -85.9291, 41.3898, 45.8108, 90.3081
// 15> 90.6517, 43.8404, -92.1951, 37.1483, 34.9278, 90.3917
// 16> 84.0624, -51.4739, -137.035, 90.9413, 86.1166, 90.8385
// 17> 46.5786, 13.1835, -136.115, 27.2102, 88.3418, 90.7022
// 18> 42.3223, 33.9109, -97.4912, 44.7755, 65.4225, 90.4573
// 19> 42.3223, 36.9512, -98.3658, 40.8604, 65.4223, 90.4573
// 20> 10.3952, 19.8425, -132.465, 18.9806, 33.5216, 99.7972
// 21> 10.3945, -8.54881, -104.641, 75.1941, 33.5213, 99.7974
// 22> 99.6545, -32.7846, -120.566, 88.6552, 101.68, 89.8796